1,asdasdasdad,1,4
1,3213,4,asdasd
